20, 26, 32, 34, 26, 28, 22, 30, 17, 24,
30, 28, 18, 22, 24, 26, 34, 28, 22, 20,
34, 24, 28, 20, 32, 17, 22, 24, 26, 30,
30, 22, 26, 35, 28, 24, 30, 32, 28, 18,
20, 30, 17, 24, 32, 28, 22, 26, 24, 30,
34, 26, 24, 28, 22, 30, 35, 32, 20, 17,
28, 22, 36, 30, 20, 26, 28, 23, 24, 32,
20, 26, 30, 24, 32, 17, 22, 28, 35, 26,
28, 35, 32, 22, 26, 24, 26, 24, 30, 24,
18, 24, 26, 28, 35, 30, 26, 22, 26, 28

43.4, 43.5, 43.7, 43.8, 43.9, 43.9, 43.9, 44.0, 44.0, 44.1, 44.2, 44.2, 44.2, 44.3, 44.3, 44.3, 44.4, 44.5, 44.5, 44.5, 44.6, 44.6, 44.7, 44.7, 44.8, 44.8, 44.8, 44.9, 44.9, 44.9, 45.0, 45.0, 45.1, 45.2, 45.2, 45.2, 45.2, 45.2, 45.3, 45.3, 45.3, 45.4, 45.4, 45.4, 45.4, 45.4, 45.4, 45.5, 45.5, 45.6, 45.6, 45.6, 45.6, 45.6, 45.7, 45.7, 45.7, 45.7, 45.7, 45.7, 45.8, 45.8, 45.9, 45.9, 46.0, 46.0, 46.0, 46.0, 46.0, 46.0, 46.1, 46.1, 46.1, 46.1, 46.2, 46.2, 46.2, 46.2, 46.2, 46.4, 46.4, 46.4, 46.4, 46.4, 46.5, 46.5, 46.5, 46.6, 46.7, 46.7, 46.7, 46.7, 46.7, 46.8, 46.9, 47.0, 47.1, 47.1, 47.2, 47.7